 z[m] p[mb] tp[K] q[g/kg] u[m/s] v[m/s]
 0.,  10, 1000.  day,levels,pres0
0	-999	290.0	14.5	0.00	0.00
1.0	-999	290.0	14.5	0.00	0.00
2.0	-999	290.0	14.5	0.00	0.00
3.0	-999	290.0	14.5	0.00	0.00
4.0	-999	290.0	14.5	0.00	0.00
5.0	-999	290.0	14.5	0.00	0.00
6.0	-999	290.0	14.5	0.00	0.00
7.0	-999	290.0	14.5	0.00	0.00
8.0	-999	290.0	14.5	0.00	0.00
9.0	-999	290.0	14.5	0.00	0.00
 1.,  10, 1000.  day,levels,pres0
0	-999	290.0	14.5	0.00	0.00
1.0	-999	290.0	14.5	0.00	0.00
2.0	-999	290.0	14.5	0.00	0.00
3.0	-999	290.0	14.5	0.00	0.00
4.0	-999	290.0	14.5	0.00	0.00
5.0	-999	290.0	14.5	0.00	0.00
6.0	-999	290.0	14.5	0.00	0.00
7.0	-999	290.0	14.5	0.00	0.00
8.0	-999	290.0	14.5	0.00	0.00
9.0	-999	290.0	14.5	0.00	0.00

